index,category,command_kor,command_eng,gt_raw,connected_devices,gt,row_no,profile,genome_id,genome_seed,run_id,candidate_count,candidates,candidate_metadata,prompt_log_paths,generation_status,generation_total_pipeline_sec,llm_mode,llm_model,prompt_render_mode,prompt_assets_dir,service_list_snippet_source,service_list_device_count,service_list_retrieval_status,service_list_retrieval_mode,service_list_retrieval_topk,service_list_retrieval_device,service_list_retrieval_categories,service_list_retrieval_scores,service_list_retrieval_fallback_reason,generation_call_count,generation_error_count,generation_error_type,generation_error_types,generation_oom_flag,generation_prompt_chars_total,generation_prompt_tokens_total,generation_completion_tokens_total,generation_total_tokens_total,generation_llm_latency_sec,generation_peak_vram_gb
1,4,접촉 센서가 감지되면 조명을 켜줘.,"When the contact sensor is detected, turn on the light.","{""name"": """", 
""cron"": """", 
""period"": 0, 
""script"": ""\nwait until ((#ContactSensor).Contact == true)\n\n(#Light).On()""}",,"{""name"": """", 
""cron"": """", 
""period"": 0, 
""script"": ""\nwait until ((#ContactSensor).contactsensor_contact == true)\n\n(#Light).switch_on()""}",91,version0_15_update20260413,mut-75fdc8a2-6251-31fc-5e86-66d72eea0b0e,67200315,g010_quick_mut-75fdc8a2-6251-31fc-5e86-66d72eea0b0e_153738,1,"[""""]","[{""candidate_index"": 0, ""strategy"": ""explicit_preconditions"", ""prompt_chars"": 179743, ""error"": ""CUDA out of memory. Tried to allocate 4.33 GiB. GPU 1 has a total capacity of 47.44 GiB of which 3.37 GiB is free. Process 3253298 has 12.11 GiB memory in use. Including non-PyTorch memory, this process has 31.93 GiB memory in use. Of the allocated memory 26.94 GiB is allocated by PyTorch, and 4.67 GiB is reserved by PyTorch but unallocated. If reserved but unallocated memory is large try setting PYTORCH_CUDA_ALLOC_CONF=expandable_segments:True to avoid fragmentation.  See documentation for Memory Management  (https://pytorch.org/docs/stable/notes/cuda.html#environment-variables)"", ""error_type"": ""cuda_oom"", ""oom_flag"": true, ""block_manifest"": [{""id"": ""01"", ""path"": ""/home/mgjeong/Desktop/llm/JOILang-Server/gpt_mg/version0_15_update20260413/blocks/01_preamble.txt"", ""metadata"": {""id"": ""01"", ""role"": ""preprocessor"", ""params"": ""temperature, micro_rules"", ""description"": ""Global deterministic JOILang generation rules and schema-faithful behavior."", ""placeholders"": ""{command_eng}, {connected_devices}, {service_list_snippet}, {optional_cron}, {optional_period}""}}, {""id"": ""02"", ""path"": ""/home/mgjeong/Desktop/llm/JOILang-Server/gpt_mg/version0_15_update20260413/blocks/generated/v13_gene_pool_e35ef6292a/02_v13_service_response_full.txt"", ""metadata"": {""id"": ""02"", ""role"": ""generator"", ""params"": ""temperature, few_shot_count, max_tokens, micro_rules"", ""description"": ""version0_13-derived gene variant: v13_service_response_full"", ""placeholders"": ""{command_eng}, {connected_devices}, {service_list_snippet}, {optional_cron}, {optional_period}, {candidate_strategy}""}}, {""id"": ""03"", ""path"": ""/home/mgjeong/Desktop/llm/JOILang-Server/gpt_mg/version0_15_update20260413/blocks/03_postprocessor.txt"", ""metadata"": {""id"": ""03"", ""role"": ""postprocessor"", ""params"": ""max_tokens, micro_rules"", ""description"": ""Final JOILang output scrubber that enforces JSON shape and strips explanation drift."", ""placeholders"": ""{command_eng}, {connected_devices}, {service_list_snippet}, {optional_cron}, {optional_period}""}}, {""id"": ""06"", ""path"": ""/home/mgjeong/Desktop/llm/JOILang-Server/gpt_mg/version0_15_update20260413/blocks/generated/v13_gene_pool_e35ef6292a/06_v13_grammar_tempo_full.txt"", ""metadata"": {""id"": ""06"", ""role"": ""helper"", ""params"": ""temperature, few_shot_count, max_tokens, micro_rules"", ""description"": ""version0_13-derived gene variant: v13_grammar_tempo_full"", ""placeholders"": ""{command_eng}, {connected_devices}, {service_list_snippet}, {optional_cron}, {optional_period}, {candidate_strategy}""}}]}]","[""/home/mgjeong/Desktop/llm/JOILang-Server/gpt_mg/version0_15_update20260413/logs/g010_quick_mut-75fdc8a2-6251-31fc-5e86-66d72eea0b0e_153738/row_091_cand_1.json""]",partial_error,12.5306,worker,google/gemma-2-9b-it,blocks,,service_retrieval_fallback,10,used,hybrid,10,cpu,"[""PresenceSensor"", ""ContactSensor"", ""LightSensor"", ""PresenceVitalSensor"", ""Light"", ""MotionSensor"", ""CarbonDioxideSensor"", ""TemperatureSensor"", ""Button"", ""ColorControl""]","[2.809329, 1.578257, 1.289481, 1.808329, 0.827733, 0.779585, 0.763226, 0.771123, 0.596495, 0.58871]",,1,1,cuda_oom,"[""cuda_oom""]",True,179743,0,0,0,0.0,0.0
