model_key,model_label,category,row_count,avg_det_score,avg_gt_similarity,gt_exact_count,gt_exact_rate,pass_count,det_pass_rate,fail_count,warm_latency_p50,avg_prompt_tokens,avg_total_tokens,peak_vram_gb_max,oom_count,generation_error_rate,failure_rate,row_success_rate,top_failure_types
qwen25_coder_7b,Qwen2.5-Coder-7B-Instruct,1,10,50.4372,0.5514,0,0.0000,4,0.4000,6,2.7922,11419.4000,11452.9000,16.4341,0,0.0000,0.6000,0.4000,"[[""gt_mismatch"", 10], [""arg_type"", 6], [""extraneous"", 6], [""gt_receiver_coverage"", 6], [""gt_service_coverage"", 6], [""precondition"", 6]]"
qwen25_coder_7b,Qwen2.5-Coder-7B-Instruct,2,10,91.9857,0.8840,0,0.0000,9,0.9000,1,2.2870,5704.7000,5761.8000,15.6707,0,0.0000,0.1000,0.9000,"[[""gt_mismatch"", 10], [""arg_type"", 3], [""numeric_grounding"", 2], [""gt_receiver_coverage"", 1], [""gt_service_coverage"", 1], [""semantic"", 1]]"
qwen25_coder_14b,Qwen2.5-Coder-14B-Instruct,1,10,82.9931,0.8480,0,0.0000,6,0.6000,4,6.7617,11419.4000,11477.7000,31.1208,0,0.0000,0.4000,0.6000,"[[""gt_mismatch"", 10], [""arg_type"", 4], [""dataflow"", 3], [""gt_receiver_coverage"", 2], [""gt_service_coverage"", 2], [""semantic"", 1]]"
qwen25_coder_14b,Qwen2.5-Coder-14B-Instruct,2,10,92.2463,0.9112,0,0.0000,9,0.9000,1,4.4672,5704.7000,5761.2000,29.8918,0,0.0000,0.1000,0.9000,"[[""gt_mismatch"", 10], [""arg_type"", 3], [""gt_receiver_coverage"", 1], [""gt_service_coverage"", 1], [""semantic"", 1], [""numeric_grounding"", 1]]"
